10
0.108797 
0.227591 
0.329606 
2.80733
0.286489
6.6071
45.1332
0.674258
0.47003
0.86405
0.821106
0.950232
0.953064
0.953044
11
0.0974144 
 0.199578 
  0.30067 
2.2331
0.259978
5.51012
28.9684
0.64149
0.392629
0.871092
0.834734
0.949606
0.952504
0.952872
12
0.0904333 
 0.180617 
 0.269897 
1.85347
0.241314
4.70077
18.9089
0.612023
0.320526
0.875806
0.84329
0.95659
0.951766
0.952446
13
0.0810216 
  0.17058 
 0.247075 
1.54446
0.223059
4.06328
13.0752
0.586838
0.272728
0.880092
0.850676
0.949382
0.951756
0.952156
14
0.0830298 
  0.15416 
 0.230176 
1.32134
0.209184
3.56747
9.38832
0.564775
0.235297
0.883046
0.856428
0.949618
0.9525
0.952326
15
0.0720668 
 0.145022 
 0.214148 
1.15326
0.198285
3.15959
6.78138
0.543243
0.200467
0.886222
0.861266
0.953452
0.951358
0.951984
16
0.0668785 
 0.134151 
 0.199864 
0.984056
0.183748
2.81343
5.1392
0.525339
0.179185
0.890066
0.86558
0.951112
0.95112
0.95205
17
0.0643784 
 0.126032 
 0.182736 
0.843966
0.170209
2.52537
3.96844
0.509309
0.161411
0.8933
0.868916
0.949918
0.95124
0.95158
18
0.0576438 
 0.115761 
 0.179082 
0.775179
0.166322
2.30241
3.1931
0.494005
0.146998
0.89579
0.8731
0.950358
0.95119
0.95162
19
0.0571401 
  0.11207 
  0.16631 
0.676671
0.155273
2.09842
2.57274
0.481517
0.135467
0.897596
0.88006
0.952064
0.9514
0.9518
20
0.0528156 
 0.107642 
 0.158041 
0.608104
0.148123
1.92273
2.08636
0.468343
0.123789
0.899784
0.884596
0.9495
0.951028
0.951646
21
0.0499634 
  0.10088 
  0.14882 
0.533961
0.138158
1.76434
1.6971
0.456509
0.113616
0.902926
0.888778
0.95152
0.951074
0.951918
22
0.0471353 
0.0976877 
 0.143153 
0.499565
0.135785
1.64016
1.42552
0.445807
0.105316
0.903826
0.891632
0.950912
0.950876
0.951504
23
0.0411121 
0.0942811 
 0.135614 
0.448642
0.128556
1.52009
1.19617
0.435572
0.098215
0.906108
0.893426
0.950758
0.95108
0.95115
24
0.0432826 
0.0874241 
 0.129598 
0.419741
0.125877
1.41867
1.00343
0.425447
0.0902428
0.907398
0.894476
0.950278
0.950896
0.951316
25
0.0434973 
0.0818238 
 0.126182 
0.382226
0.120187
1.32828
0.874071
0.417661
0.0864207
0.908064
0.896004
0.951334
0.950806
0.951182
26
0.0412753 
0.0806347 
 0.118851 
0.348981
0.114815
1.2427
0.74085
0.408849
0.080191
0.909806
0.897432
0.950238
0.950918
0.951102
27
0.0401109 
0.0752546 
 0.114921 
0.320206
0.109998
1.16705
0.649194
0.400908
0.0766094
0.911714
0.901376
0.951018
0.950668
0.950834
28
0.0385452 
0.0722843 
 0.112687 
0.298004
0.106567
1.10104
0.563677
0.393736
0.0720835
0.912526
0.904316
0.950974
0.950714
0.95133
29
0.0391616 
0.0684749 
 0.105527 
0.274917
0.102306
1.03773
0.492016
0.386174
0.0681362
0.914366
0.905666
0.950768
0.95051
0.951014
30
0.0331822 
0.0699888 
 0.102718 
0.251838
0.0974765
0.983156
0.436889
0.380541
0.065453
0.915058
0.906906
0.950516
0.950962
0.951566
31
 0.035301 
0.0643609 
0.0989993 
0.237712
0.0952971
0.931655
0.381561
0.373495
0.0613229
0.916186
0.908556
0.9511
0.951036
0.951196
32
0.0312139 
0.0666815 
0.0987856 
0.235431
0.0972201
0.889495
0.343806
0.367312
0.0586269
0.916012
0.90851
0.949608
0.950292
0.95088
33
0.0334467 
0.0628207 
0.0932657 
0.212611
0.0911542
0.844402
0.306752
0.362027
0.0563858
0.917464
0.91008
0.950274
0.950518
0.950772
34
0.0314479 
0.0588299 
0.0902013 
0.199764
0.0884894
0.803035
0.27297
0.35572
0.0535626
0.9186
0.91106
0.950492
0.950598
0.95078
35
0.0306704 
0.0600683 
0.0869528 
0.187837
0.0859055
0.768511
0.250749
0.351471
0.0524467
0.918626
0.912416
0.95057
0.950792
0.950706
36
0.0327016 
0.0532146 
 0.086477 
0.177319
0.0836221
0.734995
0.225427
0.346616
0.0501343
0.919848
0.914336
0.950452
0.950234
0.951188
37
0.0284984 
 0.055327 
0.0819242 
0.163208
0.0794649
0.702017
0.205136
0.341808
0.0486308
0.921034
0.91591
0.950614
0.950746
0.950924
38
0.0282094 
0.0522496 
0.0832577 
0.158151
0.0791096
0.673944
0.185632
0.337117
0.0464478
0.920864
0.915536
0.950242
0.950244
0.951386
39
 0.029136 
0.0497989 
0.0792942 
0.152402
0.078305
0.646429
0.168163
0.332139
0.0443944
0.921834
0.91544
0.950636
0.95023
0.950426
40
0.0259734 
 0.052571 
0.0762073 
0.144
0.076069
0.62039
0.153505
0.327726
0.0428364
0.922244
0.916914
0.95068
0.950302
0.950836
41
0.0227321 
0.0523228 
0.0746125 
0.134845
0.0732436
0.597259
0.14182
0.324413
0.0418416
0.922844
0.91861
0.951074
0.950312
0.950698
42
0.0243999 
0.0482549 
0.0744412 
0.126435
0.0705495
0.573433
0.130787
0.31997
0.0407208
0.92394
0.919838
0.950402
0.950778
0.950876
43
0.0256316 
0.0460086 
0.0702074 
0.12283
0.0702014
0.553631
0.119091
0.316417
0.0389009
0.924752
0.919848
0.950368
0.950544
0.951262
44
 0.020267 
0.0483637 
0.0698338 
0.116556
0.0683013
0.533091
0.110087
0.312389
0.0378027
0.925334
0.92045
0.950554
0.950514
0.950592
45
 0.023559 
0.0462352 
0.0671042 
0.112129
0.0672751
0.515951
0.102756
0.30956
0.0369895
0.924924
0.920796
0.950266
0.950846
0.950568
46
0.0205123 
0.0463235 
0.0669866 
0.107895
0.0662439
0.497433
0.0941821
0.305408
0.0355025
0.926176
0.921574
0.950232
0.950556
0.950174
47
0.0225359 
0.0447175 
0.0628313 
0.0997999
0.0628325
0.479962
0.0878763
0.302177
0.0348321
0.926554
0.922412
0.949934
0.950304
0.951056
48
 0.021918 
0.0414136 
0.0631499 
0.0984379
0.0632632
0.464939
0.0809167
0.298803
0.0334207
0.926886
0.922806
0.950278
0.950382
0.950338
49
0.0216064 
0.0403048 
 0.061185 
0.0910268
0.0599305
0.449316
0.0759558
0.295822
0.0329245
0.927756
0.92458
0.950558
0.95066
0.951098
50
0.0217133 
0.0401979 
0.0587468 
0.0836785
0.0564308
0.434594
0.0713854
0.29308
0.0324649
0.92842
0.924958
0.950754
0.950972
0.950442
60
0.0161777 
0.0363896 
0.0495205 
0.0617599
0.0503012
0.327914
0.0383461
0.267074
0.025437
0.931346
0.928326
0.95031
0.950614
0.950366
70
0.0151847 
0.0299201 
 0.043918 
0.0465961
0.0445436
0.25833
0.0228019
0.246951
0.0208374
0.933302
0.932246
0.950486
0.950452
0.950248
80
0.0130276 
0.0249028 
0.0381315 
0.0348651
0.0383389
0.209928
0.0146816
0.230845
0.017753
0.935776
0.933492
0.950368
0.95035
0.950426
90
0.0112719 
0.0233605 
0.0346441 
0.0281432
0.0349417
0.175414
0.0100387
0.217788
0.0154745
0.936726
0.93569
0.949772
0.950306
0.95033
100
0.0107701 
 0.019276 
0.0317378 
0.0217248
0.0301159
0.148899
0.00717468
0.206411
0.0137874
0.938444
0.937142
0.949896
0.94998
0.950362
110
0.0083282 
0.0191188 
0.0273525 
0.0198896
0.0303231
0.12886
0.00522515
0.196456
0.0121449
0.93928
0.937962
0.949976
0.949842
0.95024
120
0.00756057 
 0.0169357 
 0.0248345 
0.0166116
0.0277027
0.112709
0.00393303
0.187961
0.0109383
0.940126
0.939122
0.949774
0.950096
0.9498
130
0.0084545 
0.0159297 
 0.021999 
0.0131326
0.0238196
0.0996211
0.00305815
0.18069
0.0100606
0.941738
0.940612
0.94986
0.950404
0.94987
140
0.00795771 
 0.0133344 
 0.0216988 
0.0111913
0.0219031
0.0889764
0.00242329
0.174141
0.00928232
0.94187
0.941094
0.949708
0.950424
0.950462
150
0.0068824 
0.0144204 
0.0204386 
0.00872459
0.0183623
0.0800751
0.00196915
0.168531
0.00872254
0.942668
0.942144
0.950288
0.950728
0.949838
160
0.0058123 
0.0136282 
   0.0195 
0.00951859
0.0213161
0.072709
0.00158709
0.162826
0.00795929
0.943094
0.942276
0.950116
0.950328
0.950568
170
0.00566073 
 0.0121982 
  0.017907 
0.00854221
0.0203325
0.0663641
0.00131237
0.157963
0.00743528
0.94285
0.942786
0.94988
0.949974
0.950132
180
0.00603146 
 0.0111362 
 0.0173929 
0.00650788
0.0164695
0.0606867
0.00110763
0.15358
0.00709377
0.943648
0.942954
0.950498
0.950172
0.950126
190
0.00568497 
  0.010451 
 0.0165589 
0.00538711
0.0144238
0.0558574
0.000936392
0.149557
0.00671286
0.944128
0.944514
0.950472
0.9505
0.949896
200
0.00504467 
 0.0101662 
 0.0149158 
0.00521183
0.0146826
0.0517335
0.000795498
0.145742
0.00631345
0.944638
0.94395
0.950652
0.9504
0.949958
210
0.00433687 
0.00995592 
 0.0140116 
0.00490453
0.0145144
0.0480137
0.000682057
0.142091
0.00597345
0.94496
0.943972
0.949644
0.950418
0.950296
220
0.00405592 
0.00917483 
  0.013621 
0.00443293
0.0137512
0.0447577
0.000592152
0.138841
0.00569815
0.94515
0.944266
0.950138
0.950624
0.94998
230
0.00501006 
0.00836471 
 0.0126306 
0.00336002
0.0109246
0.0417833
0.000519267
0.135853
0.00548934
0.944966
0.944206
0.95058
0.950214
0.950356
240
0.00409126 
 0.0083767 
  0.013538 
0.00406063
0.0137404
0.0392733
0.000451448
0.132893
0.00516915
0.945364
0.944836
0.949958
0.950126
0.950592
250
0.00452412 
0.00792438 
 0.0122587 
0.00375202
0.013231
0.0368825
0.000394685
0.130062
0.00490806
0.945702
0.945504
0.950158
0.94987
0.95052
300
0.00379546 
0.00680047 
0.00914585 
0.00336601
0.0142301
0.0280938
0.00022401
0.118769
0.00400364
0.94563
0.945268
0.949466
0.949668
0.949634
350
0.00349682 
0.00523832 
0.00800627 
0.00222612
0.0110166
0.0222067
0.00014027
0.109897
0.00343529
0.946332
0.94609
0.94957
0.94973
0.950016
400
0.00176167 
0.00517668 
0.00785328 
0.00162856
0.00922519
0.0181608
9.31977e-05
0.102874
0.00299053
0.94713
0.946884
0.950002
0.949918
0.949996
450
0.00244301 
0.00462581 
0.00579609 
0.00109798
0.00701683
0.0151978
6.5863e-05
0.0971242
0.00268988
0.947294
0.94675
0.95001
0.950332
0.950326
500
0.00214058 
0.00385063 
0.00633098 
0.0013354
0.00945408
0.0129863
4.71989e-05
0.0919375
0.00236564
0.947352
0.947308
0.949522
0.949546
0.949804
550
 0.0020465 
0.00316533 
0.00476819 
0.000850794
0.00664475
0.0112029
3.52197e-05
0.0874951
0.00214829
0.947972
0.94763
0.950352
0.949632
0.950224
600
0.00141366 
0.00351127 
0.00543217 
0.000704867
0.00601315
0.009847
2.72424e-05
0.0840038
0.0019826
0.948544
0.948092
0.950084
0.950252
0.950378
650
0.00124336 
0.00300528 
0.00422503 
0.000566194
0.00523842
0.00873098
2.13649e-05
0.0807788
0.00182882
0.94858
0.947874
0.949646
0.950452
0.949964
700
0.00220786 
0.00246776 
0.00388786 
0.000372818
0.00371624
0.00780287
1.71906e-05
0.0777789
0.00170807
0.94805
0.947988
0.950048
0.950276
0.950302
750
0.00142833 
0.00292946 
0.00396848 
0.000555928
0.00592718
0.0070456
1.38328e-05
0.0751187
0.00157242
0.947982
0.948188
0.950894
0.949796
0.94958
800
0.00104184 
0.00254474 
0.00388287 
0.000432111
0.00491744
0.00639344
1.13397e-05
0.0727575
0.00146854
0.948662
0.948244
0.950192
0.949724
0.950074
850
0.00199067 
 0.0014493 
 0.0034476 
0.000268951
0.00325699
0.00582864
9.4968e-06
0.0705847
0.00139272
0.948684
0.948318
0.949848
0.950166
0.950132
900
0.000439827 
 0.00295133 
 0.00366757 
0.000367698
0.00471159
0.00536039
7.9757e-06
0.0686868
0.00130955
0.948632
0.948732
0.94966
0.949844
0.94961
950
0.00121515 
0.00171818 
0.00357131 
0.000229035
0.00310195
0.00493221
6.77847e-06
0.0667998
0.00124336
0.948768
0.948732
0.950412
0.949972
0.950072
1000
0.00112058 
0.00173893 
0.00278448 
0.0001758
0.0025065
0.00455733
5.79132e-06
0.0649768
0.00117726
0.949402
0.949138
0.950076
0.950146
0.950468
1500
0.000797762 
 0.00121648 
 0.00200383 
0.000116827
0.00250103
0.00248394
1.70701e-06
0.0531759
0.000782318
0.949342
0.94927
0.9504
0.949524
0.950042
2000
0.000534523 
 0.00106625 
 0.00109573 
0.00016527
0.00470547
0.00161965
7.12209e-07
0.0461138
0.000577333
0.949144
0.948944
0.95012
0.949666
0.949428
2500
0.000257945 
 0.00093109 
 0.00122542 
0.000113498
0.00404334
0.00115666
3.64798e-07
0.0412059
0.000462974
0.95013
0.950236
0.949458
0.949914
0.95015
3000
0.000307867 
0.000475623 
0.000899538 
7.71541e-05
0.00331006
0.000880638
2.11936e-07
0.0377811
0.000390084
0.949948
0.949824
0.949986
0.949782
0.950876
