10	2.80733	0.286489	6.6071	45.1332	0.674258	0.47003	0.821106	0.86405
11	2.2331	0.259978	5.51012	28.9684	0.64149	0.392629	0.834734	0.871092
12	1.85347	0.241314	4.70077	18.9089	0.612023	0.320526	0.84329	0.875806
13	1.54446	0.223059	4.06328	13.0752	0.586838	0.272728	0.850676	0.880092
14	1.32134	0.209184	3.56747	9.38832	0.564775	0.235297	0.856428	0.883046
15	1.15326	0.198285	3.15959	6.78138	0.543243	0.200467	0.861266	0.886222
16	0.984056	0.183748	2.81343	5.1392	0.525339	0.179185	0.86558	0.890066
17	0.843966	0.170209	2.52537	3.96844	0.509309	0.161411	0.868916	0.8933
18	0.775179	0.166322	2.30241	3.1931	0.494005	0.146998	0.8731	0.89579
19	0.676671	0.155273	2.09842	2.57274	0.481517	0.135467	0.88006	0.897596
20	0.608104	0.148123	1.92273	2.08636	0.468343	0.123789	0.884596	0.899784
21	0.533961	0.138158	1.76434	1.6971	0.456509	0.113616	0.888778	0.902926
22	0.499565	0.135785	1.64016	1.42552	0.445807	0.105316	0.891632	0.903826
23	0.448642	0.128556	1.52009	1.19617	0.435572	0.098215	0.893426	0.906108
24	0.419741	0.125877	1.41867	1.00343	0.425447	0.0902428	0.894476	0.907398
25	0.382226	0.120187	1.32828	0.874071	0.417661	0.0864207	0.896004	0.908064
26	0.348981	0.114815	1.2427	0.74085	0.408849	0.080191	0.897432	0.909806
27	0.320206	0.109998	1.16705	0.649194	0.400908	0.0766094	0.901376	0.911714
28	0.298004	0.106567	1.10104	0.563677	0.393736	0.0720835	0.904316	0.912526
29	0.274917	0.102306	1.03773	0.492016	0.386174	0.0681362	0.905666	0.914366
30	0.251838	0.0974765	0.983156	0.436889	0.380541	0.065453	0.906906	0.915058
31	0.237712	0.0952971	0.931655	0.381561	0.373495	0.0613229	0.908556	0.916186
32	0.235431	0.0972201	0.889495	0.343806	0.367312	0.0586269	0.90851	0.916012
33	0.212611	0.0911542	0.844402	0.306752	0.362027	0.0563858	0.91008	0.917464
34	0.199764	0.0884894	0.803035	0.27297	0.35572	0.0535626	0.91106	0.9186
35	0.187837	0.0859055	0.768511	0.250749	0.351471	0.0524467	0.912416	0.918626
36	0.177319	0.0836221	0.734995	0.225427	0.346616	0.0501343	0.914336	0.919848
37	0.163208	0.0794649	0.702017	0.205136	0.341808	0.0486308	0.91591	0.921034
38	0.158151	0.0791096	0.673944	0.185632	0.337117	0.0464478	0.915536	0.920864
39	0.152402	0.078305	0.646429	0.168163	0.332139	0.0443944	0.91544	0.921834
40	0.144	0.076069	0.62039	0.153505	0.327726	0.0428364	0.916914	0.922244
41	0.134845	0.0732436	0.597259	0.14182	0.324413	0.0418416	0.91861	0.922844
42	0.126435	0.0705495	0.573433	0.130787	0.31997	0.0407208	0.919838	0.92394
43	0.12283	0.0702014	0.553631	0.119091	0.316417	0.0389009	0.919848	0.924752
44	0.116556	0.0683013	0.533091	0.110087	0.312389	0.0378027	0.92045	0.925334
45	0.112129	0.0672751	0.515951	0.102756	0.30956	0.0369895	0.920796	0.924924
46	0.107895	0.0662439	0.497433	0.0941821	0.305408	0.0355025	0.921574	0.926176
47	0.0997999	0.0628325	0.479962	0.0878763	0.302177	0.0348321	0.922412	0.926554
48	0.0984379	0.0632632	0.464939	0.0809167	0.298803	0.0334207	0.922806	0.926886
49	0.0910268	0.0599305	0.449316	0.0759558	0.295822	0.0329245	0.92458	0.927756
50	0.0836785	0.0564308	0.434594	0.0713854	0.29308	0.0324649	0.924958	0.92842
60	0.0617599	0.0503012	0.327914	0.0383461	0.267074	0.025437	0.928326	0.931346
70	0.0465961	0.0445436	0.25833	0.0228019	0.246951	0.0208374	0.932246	0.933302
80	0.0348651	0.0383389	0.209928	0.0146816	0.230845	0.017753	0.933492	0.935776
90	0.0281432	0.0349417	0.175414	0.0100387	0.217788	0.0154745	0.93569	0.936726
100	0.0217248	0.0301159	0.148899	0.00717468	0.206411	0.0137874	0.937142	0.938444
110	0.0198896	0.0303231	0.12886	0.00522515	0.196456	0.0121449	0.937962	0.93928
120	0.0166116	0.0277027	0.112709	0.00393303	0.187961	0.0109383	0.939122	0.940126
130	0.0131326	0.0238196	0.0996211	0.00305815	0.18069	0.0100606	0.940612	0.941738
140	0.0111913	0.0219031	0.0889764	0.00242329	0.174141	0.00928232	0.941094	0.94187
150	0.00872459	0.0183623	0.0800751	0.00196915	0.168531	0.00872254	0.942144	0.942668
160	0.00951859	0.0213161	0.072709	0.00158709	0.162826	0.00795929	0.942276	0.943094
170	0.00854221	0.0203325	0.0663641	0.00131237	0.157963	0.00743528	0.942786	0.94285
180	0.00650788	0.0164695	0.0606867	0.00110763	0.15358	0.00709377	0.942954	0.943648
190	0.00538711	0.0144238	0.0558574	0.000936392	0.149557	0.00671286	0.944514	0.944128
200	0.00521183	0.0146826	0.0517335	0.000795498	0.145742	0.00631345	0.94395	0.944638
210	0.00490453	0.0145144	0.0480137	0.000682057	0.142091	0.00597345	0.943972	0.94496
220	0.00443293	0.0137512	0.0447577	0.000592152	0.138841	0.00569815	0.944266	0.94515
230	0.00336002	0.0109246	0.0417833	0.000519267	0.135853	0.00548934	0.944206	0.944966
240	0.00406063	0.0137404	0.0392733	0.000451448	0.132893	0.00516915	0.944836	0.945364
250	0.00375202	0.013231	0.0368825	0.000394685	0.130062	0.00490806	0.945504	0.945702
300	0.00336601	0.0142301	0.0280938	0.00022401	0.118769	0.00400364	0.945268	0.94563
350	0.00222612	0.0110166	0.0222067	0.00014027	0.109897	0.00343529	0.94609	0.946332
400	0.00162856	0.00922519	0.0181608	9.31977e-05	0.102874	0.00299053	0.946884	0.94713
450	0.00109798	0.00701683	0.0151978	6.5863e-05	0.0971242	0.00268988	0.94675	0.947294
500	0.0013354	0.00945408	0.0129863	4.71989e-05	0.0919375	0.00236564	0.947308	0.947352
550	0.000850794	0.00664475	0.0112029	3.52197e-05	0.0874951	0.00214829	0.94763	0.947972
600	0.000704867	0.00601315	0.009847	2.72424e-05	0.0840038	0.0019826	0.948092	0.948544
650	0.000566194	0.00523842	0.00873098	2.13649e-05	0.0807788	0.00182882	0.947874	0.94858
700	0.000372818	0.00371624	0.00780287	1.71906e-05	0.0777789	0.00170807	0.947988	0.94805
750	0.000555928	0.00592718	0.0070456	1.38328e-05	0.0751187	0.00157242	0.948188	0.947982
800	0.000432111	0.00491744	0.00639344	1.13397e-05	0.0727575	0.00146854	0.948244	0.948662
850	0.000268951	0.00325699	0.00582864	9.4968e-06	0.0705847	0.00139272	0.948318	0.948684
900	0.000367698	0.00471159	0.00536039	7.9757e-06	0.0686868	0.00130955	0.948732	0.948632
950	0.000229035	0.00310195	0.00493221	6.77847e-06	0.0667998	0.00124336	0.948732	0.948768
1000	0.0001758	0.0025065	0.00455733	5.79132e-06	0.0649768	0.00117726	0.949138	0.949402
1500	0.000116827	0.00250103	0.00248394	1.70701e-06	0.0531759	0.000782318	0.94927	0.949342
2000	0.00016527	0.00470547	0.00161965	7.12209e-07	0.0461138	0.000577333	0.948944	0.949144
2500	0.000113498	0.00404334	0.00115666	3.64798e-07	0.0412059	0.000462974	0.950236	0.95013
3000	7.71541e-05	0.00331006	0.000880638	2.11936e-07	0.0377811	0.000390084	0.949824	0.949948
